3.746300735497921E-006
7.640107659745432E-006
4.542999963486538E-006
4.929265102315838E-006
9.714837387708730E-006
5.671904909021475E-006
4.548023730510664E-006
1.022713226439542E-005
6.886893882507295E-006
8.177790144225927E-006
1.357109057534278E-005
8.916710340478584E-006
1.239566539967818E-005
2.781745489985332E-005
2.509716449416999E-005
2.631011432652208E-005
4.830151269574756E-005
5.380108778450451E-005
7.547263667725956E-005
1.022118883162726E-004
1.420077972523748E-004
2.362241206079752E-004
3.385566380821325E-004
5.477043893594158E-004
6.696818098559376E-004
5.493319867611035E-004
4.720754680409556E-004
2.991750642213908E-004
3.058475983204190E-004
3.109660592775787E-004
2.226914950899106E-004
2.979418360802288E-004
3.397708704659941E-004
2.990017218531538E-004
2.758223087866440E-004
3.294162992516503E-004
2.381257536346881E-004
3.407167609725814E-004
5.361983993812380E-004
6.230353641937803E-004
6.140843798414508E-004
5.070604643273580E-004
3.306009460586345E-004
2.371751859966409E-004
1.155928608405077E-004
6.370671124544813E-005
7.242587988226523E-005
3.417951946560471E-005
2.799611461752616E-005
3.403609616187131E-005
1.659919620922157E-005
1.873137450902895E-005
1.825263581423098E-005
9.144579730557822E-006
8.962197003747896E-006
9.059127708432868E-006
5.408733372069818E-006
7.623564329893584E-006
7.990429056435600E-006
4.048852234816991E-006
6.761537376720472E-006
7.205561307621622E-006
4.591548022681025E-006
4.112999194311184E-006